-0.057660 0.031929 -0.007588 -0.127935 -0.092301 -0.108141 46807.164650
-0.059517 0.055727 -0.013711 -0.111591 -0.088234 -0.187779 46807.175374
-0.062689 0.071243 -0.004087 -0.085421 -0.098617 -0.242553 46807.186098
-0.060291 0.070137 -0.014149 -0.050160 -0.090734 -0.313632 46807.196822
-0.047517 0.067384 -0.037679 0.000807 -0.092410 -0.358525 46807.207546
-0.031572 0.060862 -0.055292 0.056777 -0.112187 -0.386996 46807.218270
-0.021956 0.043686 -0.056616 0.093051 -0.126215 -0.397658 46807.228995
-0.017712 0.036601 -0.050714 0.122597 -0.123495 -0.385454 46807.239719
-0.003278 0.027247 -0.050351 0.163657 -0.109735 -0.386081 46807.250442
0.002400 0.014358 -0.058429 0.199202 -0.096111 -0.364113 46807.261166
0.009076 -0.003809 -0.069711 0.229062 -0.089831 -0.331589 46807.271890
0.019816 -0.023864 -0.063785 0.253338 -0.098074 -0.282708 46807.282614
0.031829 -0.035240 -0.050644 0.271787 -0.098028 -0.230124 46807.293338
0.042515 -0.038905 -0.035886 0.274853 -0.089692 -0.183486 46807.304062
0.050517 -0.045217 -0.014375 0.247470 -0.070869 -0.129772 46807.314786
0.048083 -0.068454 -0.001961 0.245420 -0.058484 -0.081990 46807.325510
0.052011 -0.071476 -0.006085 0.219247 -0.055339 -0.028528 46807.336234
0.053859 -0.067357 0.007026 0.189524 -0.048611 0.023772 46807.346958
0.056994 -0.063363 0.025155 0.165776 -0.037007 0.083354 46807.357682
0.053268 -0.061549 0.040632 0.144118 -0.010849 0.128895 46807.368406
0.056698 -0.049075 0.044574 0.099047 0.022261 0.180319 46807.379130
0.053623 -0.044923 0.044304 0.071327 0.039941 0.212562 46807.389854
0.050355 -0.047359 0.052769 0.021092 0.070671 0.234113 46807.400578
0.046527 -0.049640 0.047620 -0.013670 0.102747 0.268920 46807.411302
0.043928 -0.042176 0.037730 -0.060147 0.121408 0.303409 46807.422026
0.038062 -0.030428 0.022371 -0.083106 0.094489 0.332563 46807.432750
0.026412 -0.031798 0.009509 -0.076674 0.038950 0.359097 46807.443474
0.031145 -0.021408 0.045191 -0.070737 0.026941 0.361328 46807.454198
0.029985 -0.022283 0.061968 -0.097808 0.068866 0.364189 46807.464922
0.027568 -0.001170 0.057287 -0.116704 0.131407 0.367461 46807.475646
0.030178 0.001245 0.035421 -0.123132 0.180526 0.370230 46807.486370
0.025837 -0.001578 0.012480 -0.130064 0.221444 0.383964 46807.497094
0.024639 0.001792 -0.015384 -0.118209 0.231212 0.392565 46807.507817
0.023616 0.007118 -0.021177 -0.094459 0.233850 0.409487 46807.518541
0.029091 0.003324 -0.031749 -0.053091 0.228247 0.425223 46807.529265
0.022134 0.007461 -0.033120 -0.022638 0.232238 0.420773 46807.539990
0.013043 0.016069 -0.023085 -0.000373 0.246986 0.420009 46807.550713
-0.001795 0.035926 -0.018478 0.033575 0.247405 0.413144 46807.561437
-0.013982 0.040722 -0.013585 0.056755 0.242911 0.393001 46807.572162
-0.024613 0.041863 -0.020679 0.070585 0.217789 0.372438 46807.582885
-0.041781 0.027586 -0.017727 0.078314 0.185402 0.336211 46807.593609
-0.070412 0.021498 -0.003467 0.067430 0.164827 0.313138 46807.604333
-0.055833 0.004786 -0.009424 0.027953 0.164512 0.267527 46807.615057
-0.072367 0.025891 -0.013447 -0.003126 0.144955 0.230005 46807.625781
-0.074178 0.049133 -0.010332 -0.045222 0.130185 0.165065 46807.636505
-0.066477 0.056241 -0.026078 -0.043792 0.119529 0.105318 46807.647230
-0.069226 0.055681 -0.029309 -0.056202 0.112279 0.062196 46807.657954
-0.066281 0.066536 -0.033558 -0.045616 0.095468 0.006943 46807.668678
-0.054139 0.077090 -0.048776 -0.024172 0.071763 -0.051667 46807.679401
-0.049560 0.084140 -0.046116 -0.001290 0.057674 -0.092231 46807.690125
-0.041634 0.068323 -0.047376 0.013576 0.038659 -0.120986 46807.700850
-0.044808 0.059858 -0.064176 0.039036 0.006456 -0.149915 46807.711573
-0.043524 0.039460 -0.077413 0.055294 -0.036752 -0.168377 46807.722297
-0.039447 0.001955 -0.066242 0.071698 -0.077532 -0.177265 46807.733021
-0.032540 0.006092 -0.055822 0.080028 -0.117273 -0.176669 46807.743746
-0.023310 0.010881 -0.042965 0.089389 -0.135255 -0.181658 46807.754470
-0.011965 0.017085 -0.030978 0.098845 -0.144809 -0.179357 46807.765194
-0.003781 0.024543 -0.021578 0.104766 -0.141131 -0.175673 46807.775918
0.009218 0.035707 -0.022412 0.105689 -0.130210 -0.189782 46807.786642
0.015572 0.038601 -0.018331 0.107968 -0.132583 -0.194570 46807.797366
0.020678 0.033735 -0.008173 0.087845 -0.121927 -0.202898 46807.808089
0.013751 0.009705 -0.006558 0.071434 -0.111263 -0.199275 46807.818813
0.002257 -0.014463 -0.009483 0.042564 -0.112906 -0.168556 46807.829537
-0.006005 -0.027849 -0.018838 0.009038 -0.140250 -0.118060 46807.840261
-0.010779 -0.045358 -0.013637 0.004851 -0.165740 -0.089920 46807.850985
0.004223 -0.023101 0.008153 -0.014717 -0.184146 -0.067746 46807.861709
0.017006 -0.011449 0.025759 -0.020714 -0.170919 -0.073533 46807.872433
0.025146 -0.005382 0.038429 -0.036189 -0.138481 -0.081460 46807.883157
0.019994 -0.006124 0.031823 -0.038706 -0.105900 -0.086895 46807.893881
0.018075 -0.004896 0.019791 -0.050559 -0.091538 -0.091519 46807.904605
0.025136 0.000933 0.012527 -0.047117 -0.089068 -0.096217 46807.915329
0.026118 0.005690 0.009852 -0.055425 -0.092767 -0.102305 46807.926053
0.026699 0.012142 0.018924 -0.055514 -0.095163 -0.108303 46807.936777
0.024392 0.005432 0.023037 -0.066163 -0.085619 -0.111806 46807.947501
0.017661 -0.005536 0.024908 -0.090745 -0.081096 -0.105974 46807.958225
0.014399 -0.013055 0.025996 -0.085979 -0.068989 -0.099775 46807.968949
0.018800 -0.004974 0.035200 -0.068556 -0.057888 -0.110172 46807.979673
0.025544 0.014494 0.038977 -0.084122 -0.026666 -0.124069 46807.990397
0.030224 0.024226 0.045878 -0.068469 0.009710 -0.151846 46808.001121
0.021814 0.005707 0.034035 -0.058061 0.040027 -0.157213 46808.011845
0.011956 -0.013371 0.014786 -0.053456 0.064223 -0.159161 46808.022569
0.002377 -0.031088 0.002802 -0.042502 0.070306 -0.133946 46808.033293
-0.008092 -0.035785 -0.018970 -0.031594 0.046234 -0.116384 46808.044017
-0.001722 -0.020137 -0.024929 -0.020748 0.016141 -0.103689 46808.054741
0.003791 -0.005658 -0.017510 0.007573 -0.008885 -0.099111 46808.065465
0.011309 0.001076 -0.014691 0.010924 -0.016050 -0.111120 46808.076189
0.013448 0.002637 -0.011443 0.008543 -0.018485 -0.113563 46808.086913
0.012583 -0.013434 -0.009620 0.010859 -0.020864 -0.115967 46808.097637
0.019847 -0.014944 -0.004144 0.022757 -0.013517 -0.105030 46808.108361
0.015264 -0.030635 0.003969 0.024311 0.002109 -0.078541 46808.119085
-0.005141 -0.022536 -0.000616 0.035020 -0.000207 -0.070150 46808.129809
0.000235 -0.004743 -0.010068 0.046838 -0.007318 -0.066600 46808.140533
0.004416 0.009348 -0.014477 0.048998 -0.015701 -0.079830 46808.151257
0.016215 0.009269 0.096102 0.072240 -0.014174 -0.095106 46808.161981
0.030811 -0.012963 0.141992 0.094154 0.114056 -0.099937 46808.172705
0.046264 0.006966 0.057332 0.040511 0.178744 -0.139813 46808.183429
0.016543 -0.005241 0.086949 0.015305 0.242506 -0.163980 46808.194152
-0.005124 -0.027670 0.043495 -0.028898 0.261209 -0.134238 46808.204876
-0.009644 -0.024304 -0.012045 -0.062495 0.213669 -0.112665 46808.215601
-0.005796 -0.024568 -0.055177 -0.063352 0.131550 -0.105701 46808.226325
-0.014745 -0.026813 -0.082353 -0.059336 0.021701 -0.092009 46808.237049
-0.017011 -0.022827 -0.061631 -0.039119 -0.046885 -0.087030 46808.247773
-0.009555 -0.015471 -0.029914 -0.028313 -0.058873 -0.074033 46808.258497
-0.005379 -0.005822 -0.011813 0.003043 -0.059642 -0.096430 46808.269221
-0.016933 -0.017667 -0.017199 0.040700 -0.058011 -0.091329 46808.279945
