0.000000 0.000000 0.000000 0.181834 0.047025 -0.034169 187094.578467
0.004731 0.054674 -0.004032 0.163701 0.028970 -0.028123 187094.598418
0.002312 0.069363 0.001222 0.177508 0.049167 -0.028879 187094.608428
0.005986 0.089539 -0.001058 0.192577 0.056550 -0.044634 187094.618408
0.006532 0.098223 0.004289 0.191721 0.051148 -0.062814 187094.628386
0.015492 0.094883 0.009119 0.166238 0.039390 -0.068559 187094.638366
0.035419 0.097447 0.015914 0.134229 0.029802 -0.062642 187094.648345
0.055714 0.094861 0.016818 0.110593 0.029846 -0.044821 187094.658325
0.065406 0.092863 0.019305 0.102935 0.052192 -0.031980 187094.668334
0.074897 0.094994 0.031045 0.100512 0.100044 -0.016777 187094.678299
0.087529 0.089388 0.031356 0.095879 0.130961 0.010025 187094.688293
0.095329 0.081038 0.026605 0.068865 0.146989 0.040703 187094.698272
0.094687 0.074569 0.028925 0.028059 0.157659 0.066898 187094.708251
0.087985 0.071614 0.031659 -0.009491 0.184215 0.083636 187094.718262
0.081497 0.058688 0.029406 -0.031002 0.223501 0.092133 187094.728240
0.075417 0.054902 0.028413 -0.034377 0.284023 0.093537 187094.738220
0.066927 0.046931 0.031321 -0.023848 0.342427 0.090845 187094.748198
0.064249 0.029484 0.031430 -0.027090 0.375316 0.086742 187094.758178
0.068158 0.006180 0.030881 -0.029124 0.381629 0.076088 187094.768157
0.056237 -0.013770 0.033736 -0.024679 0.376259 0.066392 187094.778167
0.048073 -0.027493 0.037460 -0.018122 0.349044 0.061080 187094.788146
0.037425 -0.041379 0.042023 -0.015796 0.303358 0.054423 187094.798125
0.023076 -0.047958 0.040378 -0.027272 0.222627 0.051628 187094.808105
0.006195 -0.053109 0.037247 -0.060033 0.129122 0.050602 187094.818084
-0.010421 -0.059602 0.034900 -0.100376 0.071709 0.050773 187094.828063
-0.032211 -0.063831 0.043780 -0.140667 0.040783 0.039378 187094.838073
-0.055213 -0.074977 0.035818 -0.191504 0.007664 0.018229 187094.848052
-0.065601 -0.077264 0.013850 -0.219027 -0.012618 0.006037 187094.858031
-0.075528 -0.097192 -0.027719 -0.193460 0.026672 -0.002977 187094.868011
-0.078763 -0.097300 -0.038584 -0.125391 0.096856 -0.008034 187094.877991
-0.085077 -0.094857 -0.039930 -0.067974 0.174439 -0.015318 187094.887999
-0.083339 -0.096599 -0.040837 -0.043363 0.203072 -0.031879 187094.897979
-0.076574 -0.093240 -0.038607 -0.031617 0.218990 -0.038024 187094.907958
-0.070263 -0.081830 -0.042712 -0.020945 0.216883 -0.038963 187094.917938
-0.066363 -0.073894 -0.049643 -0.008080 0.200965 -0.042093 187094.927916
-0.066935 -0.067495 -0.054876 0.004763 0.168091 -0.038930 187094.937896
-0.069429 -0.056419 -0.058456 0.018715 0.127775 -0.037933 187094.947905
-0.072836 -0.037901 -0.067241 0.037012 0.077886 -0.042272 187094.957885
-0.080932 -0.020248 -0.068274 0.068221 0.036446 -0.060255 187094.967873
-0.087709 -0.003791 -0.064211 0.091989 -0.007137 -0.079416 187094.977859
-0.091041 0.011077 -0.056726 0.104025 -0.046496 -0.098706 187094.987838
-0.095134 0.028841 -0.054750 0.120150 -0.077283 -0.104020 187094.997818
-0.095186 0.041697 -0.054636 0.121290 -0.120793 -0.100012 187095.007797
-0.095139 0.050171 -0.063527 0.109736 -0.185581 -0.099507 187095.017776
-0.094568 0.056382 -0.057057 0.096005 -0.241868 -0.096844 187095.027786
-0.082853 0.063650 -0.040491 0.082066 -0.269423 -0.084319 187095.037749
-0.079159 0.068720 -0.033327 0.068136 -0.299107 -0.069756 187095.047729
-0.076369 0.080257 -0.025867 0.054217 -0.324554 -0.057300 187095.057738
-0.075372 0.080295 -0.017864 0.042451 -0.337282 -0.050069 187095.067718
-0.064028 0.085159 -0.013572 0.029583 -0.343618 -0.040620 187095.077697
-0.065470 0.087118 -0.009406 0.034864 -0.330861 -0.039402 187095.087676
-0.071134 0.082422 -0.009482 0.043522 -0.321362 -0.054162 187095.097656
-0.061083 0.075031 -0.001175 0.043677 -0.319313 -0.069081 187095.107634
-0.039967 0.068971 -0.000447 0.031030 -0.323631 -0.079904 187095.117645
-0.016962 0.064577 0.007080 0.012901 -0.314117 -0.081151 187095.127623
0.003562 0.063603 0.016921 -0.013872 -0.306684 -0.070791 187095.137604
0.020365 0.060273 0.020875 -0.049236 -0.296057 -0.055191 187095.147583
0.042094 0.057830 0.025328 -0.078845 -0.275800 -0.039551 187095.157561
0.068905 0.058975 0.023982 -0.088685 -0.255555 -0.021420 187095.167571
0.093653 0.052837 0.021891 -0.091207 -0.225685 0.007536 187095.177550
0.109565 0.042356 0.026754 -0.090548 -0.182016 0.034489 187095.187530
0.129334 0.026822 0.035641 -0.100533 -0.125647 0.057113 187095.197510
0.137191 0.016220 0.044556 -0.128583 -0.087366 0.079384 187095.207489
0.147642 0.008532 0.044377 -0.156615 -0.059698 0.102655 187095.217467
0.157658 -0.000343 0.040106 -0.169716 -0.020341 0.121931 187095.227477
0.164229 -0.011135 0.037115 -0.160413 0.033894 0.135197 187095.237457
0.169545 -0.016442 0.030332 -0.138240 0.078572 0.143239 187095.247435
0.165793 -0.023150 0.028323 -0.120153 0.096648 0.141459 187095.257416
0.160559 -0.022801 0.026959 -0.112584 0.073282 0.137145 187095.267395
0.144802 -0.016677 0.024807 -0.122927 0.022214 0.120686 187095.277404
0.124774 -0.009239 0.023280 -0.158727 -0.045925 0.097381 187095.287383
0.110779 -0.002861 0.024758 -0.197107 -0.083133 0.090256 187095.297363
0.102859 0.002360 0.026813 -0.212061 -0.090569 0.095344 187095.307341
0.099984 -0.001957 0.015611 -0.197269 -0.057607 0.098948 187095.317321
0.092142 -0.007548 0.002137 -0.165518 -0.008663 0.107144 187095.327300
0.085654 -0.017277 -0.008575 -0.134729 0.040231 0.105727 187095.337310
0.070851 -0.021490 -0.015524 -0.116624 0.080567 0.096620 187095.347289
0.053976 -0.026631 -0.008763 -0.101753 0.115604 0.091673 187095.357254
0.050387 -0.036801 -0.004180 -0.099847 0.139042 0.106781 187095.367247
0.051220 -0.045910 -0.003928 -0.095732 0.150784 0.117576 187095.377227
0.024174 -0.057354 -0.000721 -0.085060 0.165644 0.112478 187095.387207
0.003987 -0.067212 0.005191 -0.079673 0.177292 0.104089 187095.397216
-0.014771 -0.077004 0.004854 -0.086906 0.186716 0.080585 187095.407195
-0.032004 -0.079896 -0.001343 -0.087649 0.189744 0.049659 187095.417174
-0.040375 -0.085722 -0.012582 -0.083099 0.176894 0.026171 187095.427154
-0.044749 -0.086777 -0.021849 -0.067943 0.156664 0.009176 187095.437133
-0.048159 -0.085295 -0.026257 -0.041167 0.152412 -0.002230 187095.447142
-0.051458 -0.083656 -0.024369 -0.019151 0.163741 -0.013630 187095.457122
-0.057876 -0.078460 -0.024518 -0.014747 0.174288 -0.029506 187095.467101
-0.059754 -0.065425 -0.030603 -0.021890 0.163522 -0.056336 187095.477050
-0.051294 -0.058758 -0.039217 -0.026941 0.142174 -0.076805 187095.487036
-0.052076 -0.041492 -0.044200 -0.019353 0.128343 -0.085326 187095.497025
-0.049703 -0.032821 -0.053152 0.005137 0.130520 -0.083921 187095.506994
-0.044478 -0.024253 -0.061947 0.042359 0.127447 -0.075981 187095.516987
-0.044814 -0.011789 -0.062628 0.062473 0.121186 -0.061887 187095.526976
-0.043197 0.003937 -0.058377 0.069847 0.106394 -0.050149 187095.536956
-0.043031 0.021025 -0.055202 0.077240 0.101137 -0.042617 187095.546936
-0.040108 0.036412 -0.058268 0.079397 0.095827 -0.043689 187095.556945
-0.037943 0.059983 -0.051526 0.088053 0.093662 -0.055322 187095.566925
-0.037049 0.086020 -0.041428 0.092516 0.085090 -0.073425 187095.576905
-0.030549 0.098930 -0.030764 0.093805 0.074383 -0.091610 187095.586883
-0.019233 0.109885 -0.013918 0.078659 0.069807 -0.096125 187095.596862
-0.003763 0.120106 0.000143 0.059402 0.064503 -0.087880 187095.606840
0.011641 0.131120 0.010206 0.031479 0.057126 -0.065895 187095.616838
0.016916 0.137326 0.018819 0.005738 0.047610 -0.048161 187095.626830
0.023388 0.139939 0.022888 -0.016715 0.038056 -0.038918 187095.636811
0.028406 0.137994 0.032831 -0.048666 0.024200 -0.037295 187095.646789
0.029587 0.132642 0.042539 -0.085807 0.014510 -0.049581 187095.656769
0.031569 0.127277 0.050260 -0.122929 0.010114 -0.065034 187095.666748
0.033366 0.125514 0.060905 -0.163268 0.017386 -0.081523 187095.676758
0.045765 0.114693 0.062236 -0.206903 0.019395 -0.087421 187095.686738
0.063308 0.103875 0.061660 -0.237833 0.034193 -0.088804 187095.696716
0.076781 0.094091 0.058325 -0.257084 0.039491 -0.083692 187095.706694
0.080881 0.077585 0.048024 -0.275117 0.018208 -0.086198 187095.716674
0.079120 0.062410 0.024210 -0.290926 -0.007356 -0.096169 187095.726684
0.075307 0.041412 0.012228 -0.301529 -0.022247 -0.097470 187095.736663
0.084572 0.005754 0.004041 -0.309085 -0.020096 -0.089022 187095.746643
0.094727 -0.030400 -0.002367 -0.306440 0.004197 -0.078086 187095.756623
0.102096 -0.066172 -0.007911 -0.287501 0.049946 -0.066879 187095.766601
0.106747 -0.101261 -0.011382 -0.250520 0.101067 -0.050067 187095.776580
0.102639 -0.122512 -0.020099 -0.193269 0.168124 -0.039286 187095.786589
0.097687 -0.139433 -0.023832 -0.137066 0.224566 -0.027519 187095.796569
0.098360 -0.158873 -0.019328 -0.094819 0.260880 -0.001129 187095.806550
0.095853 -0.170161 -0.010896 -0.061077 0.265355 0.031347 187095.816528
0.089316 -0.172587 -0.003561 -0.035866 0.243305 0.071010 187095.826507
0.070857 -0.176972 -0.000434 -0.022292 0.198924 0.108245 187095.836517
0.049288 -0.183753 -0.001043 -0.024595 0.144917 0.137742 187095.846496
0.021430 -0.175384 -0.006732 -0.037521 0.100418 0.161824 187095.856475
0.000139 -0.163221 -0.023436 -0.042832 0.052679 0.172120 187095.866456
-0.020262 -0.144927 -0.048677 -0.023573 0.028291 0.171154 187095.876435
-0.041120 -0.125550 -0.064705 0.010629 0.035733 0.159920 187095.886413
-0.051649 -0.110077 -0.069951 0.039532 0.049514 0.144389 187095.896423
-0.069726 -0.073613 -0.068105 0.052386 0.067521 0.129773 187095.906402
-0.079752 -0.054781 -0.069471 0.066294 0.097216 0.117344 187095.916381
-0.089438 -0.033731 -0.071000 0.089851 0.125841 0.099702 187095.926361
-0.098235 -0.021665 -0.076749 0.126229 0.145991 0.081110 187095.936341
-0.099561 -0.015046 -0.078463 0.159539 0.144868 0.055943 187095.946319
-0.100214 -0.004418 -0.077306 0.185370 0.125711 0.036963 187095.956329
-0.103363 0.010397 -0.065635 0.215515 0.112901 0.011680 187095.966307
-0.098770 0.028517 -0.050615 0.242468 0.110686 -0.016779 187095.976287
-0.095661 0.042335 -0.039186 0.260875 0.104224 -0.042177 187095.986267
-0.083613 0.052361 -0.027769 0.270729 0.095637 -0.064502 187095.996246
-0.077128 0.066705 -0.010304 0.275171 0.096622 -0.081504 187096.006256
-0.073437 0.083049 0.012364 0.268030 0.101762 -0.112501 187096.016240
-0.061225 0.096864 0.020817 0.236342 0.092024 -0.136449 187096.026220
-0.037934 0.110170 0.021405 0.194954 0.060050 -0.144665 187096.036206
-0.017052 0.117774 0.027867 0.158714 0.027109 -0.135752 187096.046174
-0.004245 0.127749 0.038924 0.119231 0.006909 -0.125735 187096.056173
0.004207 0.136082 0.044403 0.085000 -0.002640 -0.111314 187096.066163
0.012389 0.144167 0.042431 0.057228 -0.015390 -0.102162 187096.076142
0.020553 0.148358 0.043389 0.040226 -0.028171 -0.103534 187096.086120
0.032760 0.145372 0.051998 0.023214 -0.016557 -0.110086 187096.096099
0.044670 0.145737 0.063360 0.007175 0.007827 -0.111211 187096.106079
0.061961 0.141277 0.068309 -0.011087 0.040734 -0.105912 187096.116088
0.077317 0.133953 0.077945 -0.025193 0.083242 -0.093030 187096.126068
0.103221 0.119494 0.082480 -0.038343 0.119440 -0.068441 187096.136047
0.120435 0.100596 0.085027 -0.047236 0.157770 -0.043783 187096.146025
0.140991 0.082612 0.088063 -0.058214 0.187591 -0.021339 187096.156006
0.144937 0.064448 0.091067 -0.083950 0.197160 -0.008818 187096.165985
0.150383 0.048063 0.089136 -0.123471 0.182280 0.003365 187096.175994
0.146174 0.037744 0.078622 -0.172529 0.144026 0.016342 187096.185974
0.130525 0.023311 0.070236 -0.216113 0.102534 0.016570 187096.195953
0.115711 0.014006 0.062900 -0.246943 0.081231 0.014961 187096.205932
0.112317 0.003196 0.062930 -0.277805 0.063124 0.015505 187096.215912
0.104402 -0.010188 0.061039 -0.306530 0.038655 0.017104 187096.225891
0.095880 -0.024294 0.051504 -0.315053 0.025913 0.020111 187096.235901
0.090504 -0.033730 0.038716 -0.292710 0.046121 0.018401 187096.245865
0.083816 -0.047203 0.033942 -0.271480 0.091800 0.014703 187096.255859
0.071123 -0.059102 0.030806 -0.246025 0.147046 0.013206 187096.265838
0.068849 -0.063254 0.019658 -0.235344 0.162962 0.007047 187096.275818
0.074451 -0.074876 0.006039 -0.231091 0.157672 0.009204 187096.285827
0.066385 -0.070353 0.002910 -0.223604 0.168279 0.004036 187096.295806
0.051777 -0.073272 -0.001371 -0.203309 0.179951 -0.004188 187096.305786
0.047590 -0.069460 -0.007704 -0.204375 0.175707 -0.003162 187096.315765
0.046348 -0.065070 -0.015498 -0.221534 0.166181 0.009352 187096.325743
0.039107 -0.067412 -0.016439 -0.230207 0.166233 0.023104 187096.335723
0.035207 -0.062139 -0.026865 -0.214453 0.157887 0.046728 187096.345733
0.033790 -0.048647 -0.043708 -0.164685 0.163435 0.075156 187096.355713
0.023584 -0.059220 -0.059317 -0.109430 0.173161 0.087683 187096.365692
0.010708 -0.057770 -0.055405 -0.074354 0.183876 0.093548 187096.375672
0.006017 -0.056710 -0.041742 -0.058383 0.192397 0.092747 187096.385650
0.002246 -0.067749 -0.027731 -0.063739 0.181794 0.097942 187096.395661
0.002554 -0.069733 -0.025320 -0.072342 0.160605 0.110495 187096.405639
0.000433 -0.064887 -0.023758 -0.062849 0.150065 0.122289 187096.415618
-0.025958 -0.072945 -0.028915 -0.037239 0.149038 0.119421 187096.425597
-0.038919 -0.078410 -0.029348 -0.008354 0.144801 0.110176 187096.435578
-0.051413 -0.088161 -0.021394 0.016204 0.142705 0.106221 187096.445557
-0.062828 -0.096296 -0.018937 0.027017 0.139471 0.092476 187096.455566
-0.077300 -0.088673 -0.020209 0.029511 0.111735 0.065667 187096.465545
-0.082889 -0.081174 -0.024259 0.035129 0.085100 0.045306 187096.475524
-0.091403 -0.078747 -0.032898 0.043905 0.052126 0.030280 187096.485504
-0.104803 -0.073809 -0.036920 0.066486 0.031928 0.016584 187096.495483
-0.110566 -0.061478 -0.037633 0.086952 0.022321 -0.001340 187096.505461
-0.113127 -0.042798 -0.038339 0.099910 0.018025 -0.016129 187096.515472
-0.106008 -0.029968 -0.040416 0.120270 0.009528 -0.024447 187096.525451
-0.102951 -0.012171 -0.040401 0.141593 0.005324 -0.024192 187096.535435
-0.097026 0.007068 -0.039778 0.159702 -0.005242 -0.020818 187096.545424
-0.097254 0.019982 -0.041147 0.175622 -0.020027 -0.011100 187096.555405
-0.107037 0.039052 -0.040315 0.193817 -0.028512 -0.016247 187096.565400
-0.108286 0.049741 -0.034170 0.205670 -0.039155 -0.025757 187096.575363
-0.102684 0.054823 -0.025833 0.204727 -0.049809 -0.035346 187096.585358
-0.095133 0.066733 -0.017012 0.201718 -0.063689 -0.049341 187096.595336
-0.083076 0.073722 -0.007417 0.193347 -0.086046 -0.058126 187096.605315
-0.065826 0.078637 0.000170 0.192465 -0.103101 -0.071046 187096.615295
-0.050899 0.086000 0.011188 0.192694 -0.107433 -0.089162 187096.625305
-0.032421 0.091179 0.024081 0.182242 -0.110730 -0.107455 187096.635284
-0.019731 0.091540 0.035942 0.149349 -0.119344 -0.118612 187096.645264
-0.007493 0.087784 0.044264 0.107986 -0.131181 -0.134168 187096.655243
0.005363 0.090158 0.039583 0.080391 -0.147176 -0.136774 187096.665222
0.019433 0.092478 0.034439 0.075067 -0.152490 -0.135812 187096.675232
0.030846 0.098293 0.036608 0.073909 -0.143966 -0.129373 187096.685212
0.040004 0.097635 0.044567 0.056760 -0.140772 -0.121046 187096.695174
0.048954 0.089085 0.052120 0.019292 -0.135463 -0.106574 187096.705169
0.063197 0.081438 0.060847 -0.028915 -0.137560 -0.082691 187096.715161
0.074526 0.079486 0.061873 -0.076007 -0.140738 -0.063067 187096.725129
0.084774 0.070687 0.055928 -0.108153 -0.141779 -0.046431 187096.735114
0.093186 0.066802 0.046963 -0.113705 -0.135323 -0.027263 187096.745117
0.096494 0.062611 0.043048 -0.113955 -0.115058 -0.009004 187096.755102
0.093939 0.059127 0.048440 -0.122575 -0.092761 -0.005778 187096.765074
0.088395 0.052364 0.056569 -0.139662 -0.078992 -0.005917 187096.775060
0.088861 0.043470 0.053581 -0.151431 -0.073690 -0.002839 187096.785034
0.091606 0.036238 0.041679 -0.149346 -0.082149 0.003536 187096.795020
0.093791 0.031171 0.033619 -0.135608 -0.082068 0.014385 187096.805023
0.098666 0.027725 0.033753 -0.132942 -0.081922 0.033689 187096.814987
0.102299 0.019575 0.043437 -0.149168 -0.093506 0.059002 187096.824996
0.106894 0.006092 0.048867 -0.185592 -0.109393 0.080821 187096.834959
0.105732 -0.010238 0.048803 -0.213526 -0.100859 0.099706 187096.844971
0.094283 -0.009350 0.050447 -0.219932 -0.079657 0.095488 187096.854954
0.089817 -0.023250 0.034938 -0.225188 -0.065916 0.086914 187096.864940
0.092107 -0.026860 0.035001 -0.218855 -0.023457 0.081932 187096.874908
0.099813 -0.032169 0.040045 -0.203004 0.032839 0.080364 187096.884887
0.112937 -0.039888 0.035263 -0.184193 0.062741 0.107469 187096.894867
0.115853 -0.043009 0.026568 -0.174001 0.072516 0.149199 187096.904876
0.122244 -0.061641 0.029763 -0.166830 0.093873 0.170762 187096.914855
0.106827 -0.060108 0.032498 -0.166915 0.091792 0.179282 187096.924836
0.097427 -0.059948 0.031311 -0.175476 0.084369 0.184455 187096.934814
0.081512 -0.066859 0.025465 -0.170953 0.063044 0.166202 187096.944792
0.052336 -0.077122 0.013359 -0.153842 0.077895 0.156922 187096.954772
0.039851 -0.087798 0.008415 -0.127053 0.093785 0.139243 187096.964782
0.025269 -0.091461 0.004559 -0.123712 0.106446 0.122286 187096.974761
0.005228 -0.089913 0.000231 -0.127731 0.113747 0.097745 187096.984753
-0.005040 -0.084121 -0.004896 -0.133930 0.109402 0.080568 187096.994720
-0.037487 -0.097763 -0.007676 -0.159393 0.144294 0.061250 187097.004699
-0.061104 -0.077531 -0.027883 -0.167561 0.164260 0.022867 187097.014710
-0.065590 -0.074520 -0.054808 -0.113149 0.201452 0.007820 187097.024689
-0.076106 -0.073721 -0.074245 -0.034250 0.229158 -0.002694 187097.034668
-0.085819 -0.066399 -0.075079 0.034026 0.249404 -0.014464 187097.044648
-0.094567 -0.059834 -0.072388 0.066250 0.242985 -0.036479 187097.054641
-0.094939 -0.054217 -0.073949 0.080324 0.216399 -0.050327 187097.064613
-0.097712 -0.050042 -0.076305 0.087954 0.174977 -0.055821 187097.074591
-0.102208 -0.044480 -0.081525 0.106285 0.137797 -0.066480 187097.084594
-0.102160 -0.037945 -0.092230 0.121452 0.088930 -0.077255 187097.094574
-0.106692 -0.029788 -0.099058 0.152579 0.035865 -0.084644 187097.104569
-0.108179 -0.026718 -0.098286 0.181466 -0.015034 -0.082450 187097.114533
-0.105386 -0.024260 -0.090569 0.188060 -0.071318 -0.086984 187097.124542
-0.105375 -0.019709 -0.078459 0.179527 -0.113748 -0.075631 187097.134522
-0.102046 -0.012608 -0.068425 0.176300 -0.140252 -0.066240 187097.144500
-0.100092 -0.005357 -0.070439 0.196580 -0.144469 -0.068132 187097.154479
-0.098084 0.007595 -0.072810 0.244553 -0.115753 -0.076916 187097.164459
-0.087609 0.017389 -0.058285 0.286075 -0.074297 -0.083572 187097.174439
-0.076915 0.020229 -0.044677 0.308452 -0.045621 -0.090562 187097.184433
-0.059839 0.023463 -0.028368 0.292410 -0.057290 -0.082314 187097.194427
-0.044738 0.028381 -0.013059 0.263626 -0.078547 -0.076399 187097.204407
-0.031995 0.032694 -0.004320 0.239126 -0.101929 -0.071537 187097.214385
-0.024164 0.043881 0.002467 0.231582 -0.120993 -0.058957 187097.224364
-0.015164 0.052309 0.005805 0.226204 -0.131584 -0.051628 187097.234344
-0.010645 0.056555 0.011685 0.208105 -0.141171 -0.050861 187097.244354
-0.005958 0.073207 0.018282 0.193330 -0.139147 -0.064911 187097.254333
-0.003939 0.085284 0.027357 0.174222 -0.127553 -0.074691 187097.264312
0.001658 0.083758 0.035855 0.154053 -0.109602 -0.086578 187097.274291
0.006677 0.084458 0.040616 0.130659 -0.093764 -0.095322 187097.284271
0.016419 0.079813 0.048975 0.112423 -0.070414 -0.090082 187097.294279
0.023732 0.075617 0.051730 0.095245 -0.060844 -0.080649 187097.304261
0.025348 0.072150 0.048696 0.091970 -0.049149 -0.076352 187097.314239
0.025982 0.069115 0.048476 0.086557 -0.055483 -0.066863 187097.324218
0.034916 0.062146 0.053746 0.058616 -0.064972 -0.042758 187097.334198
0.042920 0.059874 0.066566 0.013733 -0.079847 -0.027445 187097.344178
0.042898 0.059583 0.074854 -0.033227 -0.089449 -0.018526 187097.354186
0.049440 0.046136 0.073606 -0.070646 -0.097949 -0.005208 187097.364166
0.075316 0.031421 0.066736 -0.093391 -0.105245 0.030713 187097.374145
0.089970 0.025634 0.063752 -0.101004 -0.098825 0.043454 187097.384125
0.078069 0.020833 0.059004 -0.110446 -0.086188 0.026341 187097.394103
0.065818 0.024180 0.057476 -0.126196 -0.058757 -0.002496 187097.404114
0.048150 0.030915 0.065410 -0.143032 -0.019654 -0.032340 187097.414093
0.045737 0.024369 0.063063 -0.146420 0.024967 -0.025703 187097.424072
0.058798 0.015220 0.050486 -0.137063 0.026155 -0.004237 187097.434051
0.058757 0.021260 0.037924 -0.145734 0.000756 0.015755 187097.444031
0.045571 0.001939 0.021407 -0.158539 -0.020468 0.023952 187097.454010
0.040767 -0.014885 0.017066 -0.158684 0.002929 0.031564 187097.464020
0.036899 -0.027861 0.026416 -0.135283 0.067682 0.019482 187097.473999
0.040034 -0.023389 0.025623 -0.102301 0.128219 0.010672 187097.483978
0.054680 -0.030028 0.010676 -0.089471 0.125043 0.007622 187097.493953
0.059565 -0.041454 0.021390 -0.092850 0.108154 0.028805 187097.503952
0.048539 -0.051966 0.033048 -0.121755 0.086951 0.046423 187097.513931
0.028935 -0.064463 0.023686 -0.159179 0.058307 0.065997 187097.523911
0.016302 -0.069773 0.001383 -0.184814 0.014807 0.082451 187097.533911
-0.000751 -0.073176 -0.018371 -0.177343 -0.010635 0.087723 187097.543901
-0.009981 -0.080069 -0.035175 -0.156072 -0.008453 0.091218 187097.553869
-0.011142 -0.084535 -0.046980 -0.130489 -0.012665 0.088339 187097.563841
-0.019813 -0.087512 -0.046550 -0.093228 0.016057 0.084746 187097.573828
-0.035722 -0.091020 -0.033467 -0.045218 0.093537 0.060269 187097.583817
-0.035431 -0.091766 -0.001862 -0.055788 0.141195 0.040163 187097.593802
-0.030828 -0.097602 -0.014297 -0.112986 0.086835 0.019881 187097.603806
-0.026970 -0.104345 -0.015796 -0.175636 0.012378 0.017516 187097.613776
-0.019114 -0.092429 -0.022670 -0.184028 -0.039662 0.018143 187097.623763
-0.017942 -0.076514 -0.061817 -0.094596 -0.059668 0.018181 187097.633749
-0.017382 -0.068647 -0.093865 0.041831 -0.053051 0.014695 187097.643735
-0.019254 -0.058126 -0.101910 0.159071 -0.047529 0.012014 187097.653723
-0.029870 -0.051245 -0.078501 0.213575 -0.031590 -0.006365 187097.663704
-0.039699 -0.044738 -0.068301 0.219226 -0.028548 -0.037205 187097.673685
-0.042040 -0.038116 -0.080618 0.218430 -0.030796 -0.061764 187097.683660
-0.047774 -0.030411 -0.091962 0.246288 -0.028692 -0.076316 187097.693665
-0.048705 -0.027022 -0.100078 0.291086 -0.020140 -0.082070 187097.703643
-0.046322 -0.022869 -0.098956 0.348472 -0.006168 -0.070555 187097.713623
-0.046237 -0.010163 -0.092193 0.389793 -0.003855 -0.048659 187097.723602
-0.047983 -0.000808 -0.082646 0.401368 -0.013308 -0.032565 187097.733581
-0.046571 0.011555 -0.074166 0.401249 -0.032341 -0.016686 187097.743591
-0.043788 0.022697 -0.053765 0.392511 -0.038630 0.002384 187097.753571
-0.049212 0.032178 -0.036760 0.385090 -0.039723 -0.000921 187097.763549
