0.010646 -0.011531 -0.004683 0.091605 -0.049145 0.042246 104068.963153
0.010020 -0.023458 -0.007798 0.148023 -0.041584 0.046240 104068.981118
0.008846 -0.021964 -0.017529 0.166304 -0.052229 0.033615 104068.991129
0.004331 -0.018531 -0.019650 0.200664 -0.056526 0.010575 104069.001107
-0.009579 -0.006539 -0.014450 0.240321 -0.020500 -0.019608 104069.011086
-0.014443 -0.002515 -0.020847 0.272561 0.000645 -0.049983 104069.021066
-0.028870 -0.001319 -0.031927 0.303691 -0.007883 -0.068825 104069.031075
-0.060298 0.007009 -0.032566 0.317090 -0.035539 -0.084224 104069.041055
-0.100173 0.000850 -0.022446 0.305443 -0.070591 -0.082466 104069.051034
-0.139987 0.002656 -0.012152 0.262797 -0.086572 -0.076731 104069.061013
-0.183720 0.013595 -0.010272 0.201989 -0.064390 -0.076329 104069.071023
-0.218030 0.032326 -0.023250 0.134765 -0.046452 -0.072839 104069.081002
-0.246150 0.050258 -0.039139 0.051368 -0.017854 -0.054561 104069.090986
-0.259739 0.067840 -0.040833 -0.040602 0.016052 -0.033163 104069.100967
-0.234248 0.048227 -0.014321 -0.151265 0.160478 0.014285 104069.110950
-0.174328 0.035113 0.014054 -0.250326 0.268926 0.081928 104069.120959
-0.107598 0.017147 0.026001 -0.332737 0.251965 0.119132 104069.130929
-0.044252 0.003983 0.040211 -0.398954 0.245542 0.134216 104069.140909
0.008298 -0.000191 0.046623 -0.415816 0.190278 0.130444 104069.150918
0.064679 -0.001907 0.033123 -0.371698 0.116995 0.109232 104069.160897
0.096312 -0.017830 0.026420 -0.263501 0.064979 0.069800 104069.170877
0.114849 -0.025343 0.026814 -0.114745 0.025738 0.021386 104069.180855
0.119154 -0.018306 0.016724 0.027728 -0.004023 -0.039852 104069.190865
0.095736 -0.001145 0.002753 0.142044 -0.026509 -0.112503 104069.200845
0.063030 0.015514 -0.004745 0.222614 -0.027715 -0.172247 104069.210824
0.032177 0.021910 -0.002599 0.260187 -0.008682 -0.202564 104069.220803
-0.002478 0.016572 0.000590 0.252850 0.017757 -0.220629 104069.230814
-0.033002 0.025672 0.001047 0.220831 0.045289 -0.223012 104069.240792
-0.060844 0.025431 0.002768 0.175797 0.055935 -0.200073 104069.250771
-0.091939 0.030772 0.000309 0.114749 0.028388 -0.164787 104069.260781
-0.126011 0.029389 -0.005726 0.027926 -0.029870 -0.103367 104069.270761
-0.151885 0.010444 -0.004847 -0.074008 -0.092308 -0.022973 104069.280739
-0.165293 -0.000740 -0.010759 -0.161257 -0.112192 0.068551 104069.290720
-0.166915 -0.007616 -0.019323 -0.197176 -0.099185 0.135361 104069.300728
-0.160440 -0.001960 -0.033020 -0.179529 -0.037426 0.163719 104069.310708
-0.140824 0.010648 -0.039981 -0.147541 0.012468 0.149523 104069.320687
-0.125030 0.026745 -0.050597 -0.132018 0.041909 0.085911 104069.330666
-0.115794 0.042484 -0.048770 -0.114974 0.059475 -0.017224 104069.340677
-0.108643 0.045678 -0.031886 -0.101021 0.089695 -0.119348 104069.350655
-0.085677 0.038467 -0.006636 -0.107600 0.123205 -0.209895 104069.360634
-0.033327 0.028755 0.019051 -0.136953 0.160037 -0.264453 104069.370614
0.079968 -0.026201 0.064858 -0.179669 0.198171 -0.265845 104069.380623
0.142859 -0.056784 0.066443 -0.191890 0.188837 -0.216996 104069.390586
0.192144 -0.078195 0.042561 -0.139384 0.099164 -0.121929 104069.400596
0.216765 -0.093822 0.000875 -0.002697 -0.045485 -0.012228 104069.410575
0.195282 -0.102951 -0.019845 0.186216 -0.162465 0.089806 104069.420554
0.160101 -0.085061 -0.035061 0.386092 -0.241391 0.153822 104069.430560
0.099788 -0.077599 -0.060412 0.538517 -0.327007 0.172367 104069.440541
0.077808 -0.047728 -0.061717 0.621689 -0.349138 0.173328 104069.450509
-0.031188 -0.040061 -0.074201 0.651075 -0.402389 0.129646 104069.460518
-0.097188 -0.048311 -0.088521 0.606615 -0.454577 0.114861 104069.470498
-0.176681 -0.046770 -0.074677 0.508834 -0.523816 0.107797 104069.480477
-0.239879 -0.036176 -0.066356 0.355798 -0.370048 0.129143 104069.490456
-0.278203 0.037967 -0.057630 0.212158 -0.141939 0.150015 104069.500466
-0.318858 0.082564 -0.069426 0.119249 0.015977 0.128447 104069.510446
-0.327492 0.100561 -0.062186 0.032062 0.159887 0.087621 104069.520424
-0.303796 0.112695 -0.037804 -0.041584 0.308259 0.060914 104069.530404
-0.268988 0.118912 0.003123 -0.127130 0.442906 0.054231 104069.540414
-0.218404 0.107131 0.053386 -0.244640 0.552037 0.053364 104069.550393
-0.137468 0.100315 0.074453 -0.367022 0.562325 0.034742 104069.560372
-0.059826 0.083831 0.071077 -0.416271 0.373080 0.004096 104069.570351
0.022166 0.033397 0.095873 -0.407435 0.280693 -0.001704 104069.580368
0.102602 0.022702 0.079208 -0.325345 0.165249 0.024256 104069.590347
0.159862 0.010926 0.058003 -0.187474 -0.006462 0.030331 104069.600320
0.181606 0.003041 0.052251 -0.032221 -0.149661 -0.001586 104069.610309
0.159064 -0.001733 0.050170 0.114644 -0.247343 -0.057861 104069.620310
0.114132 0.019410 0.035696 0.229572 -0.284656 -0.132312 104069.630288
0.077429 0.030217 0.012494 0.303846 -0.283799 -0.201726 104069.640267
0.044096 0.017855 -0.003747 0.339386 -0.271179 -0.239578 104069.650277
-0.020569 -0.011969 -0.009022 0.315943 -0.258500 -0.243008 104069.660256
-0.083806 -0.025230 -0.021029 0.208010 -0.272497 -0.228525 104069.670235
-0.150181 -0.020948 -0.026890 0.045792 -0.274822 -0.206152 104069.680215
-0.204368 -0.026533 -0.028306 -0.132119 -0.141080 -0.145794 104069.690224
-0.265733 -0.016337 -0.052427 -0.261300 -0.008168 -0.058128 104069.700186
-0.283624 -0.018203 -0.067761 -0.351245 0.172630 0.035693 104069.710183
-0.238297 -0.033042 -0.053395 -0.412846 0.383376 0.162079 104069.720162
-0.155606 -0.051867 -0.062421 -0.439799 0.435928 0.277259 104069.730172
-0.087618 -0.045541 -0.095656 -0.401681 0.274931 0.340751 104069.740151
-0.053248 -0.071621 -0.100858 -0.334798 0.173377 0.390065 104069.750130
0.049712 -0.032233 -0.059780 -0.246849 0.072542 0.362858 104069.760110
0.032829 0.018793 -0.053113 -0.075421 -0.004405 0.197168 104069.770119
0.046516 0.037057 -0.040355 0.099027 -0.042028 0.038165 104069.780099
0.064393 0.036574 -0.019453 0.249934 -0.056321 -0.117802 104069.790078
0.077433 0.035836 0.019386 0.312085 -0.026105 -0.256528 104069.800057
0.085287 0.042496 0.049269 0.285151 0.022261 -0.340850 104069.810067
0.079376 0.047852 0.078689 0.207658 0.078174 -0.383124 104069.820046
0.087244 0.048201 0.107411 0.127301 0.110033 -0.350919 104069.830025
0.112920 0.025620 0.116737 0.067400 0.089038 -0.248331 104069.840005
0.138187 -0.004787 0.108364 0.038449 0.035481 -0.118913 104069.850014
0.130547 -0.021000 0.087606 0.051074 -0.038152 0.014129 104069.859995
0.037204 -0.045972 0.037142 0.093633 -0.122375 0.141100 104069.869973
-0.027570 -0.047986 -0.005114 0.126053 -0.236552 0.227213 104069.879966
-0.098526 -0.058555 -0.048514 0.146175 -0.374312 0.273546 104069.889962
-0.171035 -0.061428 -0.080443 0.129380 -0.486870 0.277947 104069.899942
-0.250451 -0.046401 -0.090705 0.106470 -0.567758 0.248333 104069.909920
-0.283436 -0.010362 -0.089537 0.059621 -0.431071 0.210173 104069.919900
-0.317022 0.037864 -0.112048 0.012439 -0.148949 0.166526 104069.929893
-0.320327 0.070723 -0.116471 -0.025717 0.121292 0.079188 104069.939890
-0.282419 0.089640 -0.094435 -0.076313 0.403011 -0.043443 104069.949868
-0.253326 0.089756 -0.070617 -0.137968 0.631875 -0.115352 104069.959847
-0.204824 0.100698 -0.039090 -0.208083 0.717532 -0.157342 104069.969857
-0.142968 0.112586 -0.008076 -0.271076 0.621528 -0.221717 104069.979843
-0.057324 0.077536 0.061777 -0.291808 0.523656 -0.251410 104069.989816
0.037353 0.070104 0.089044 -0.275072 0.473731 -0.224697 104069.999825
0.129881 0.027130 0.102967 -0.203092 0.319274 -0.140448 104070.009805
0.208236 -0.017490 0.099635 -0.121468 0.107546 -0.046832 104070.019784
0.228822 -0.038145 0.094396 -0.033283 -0.098945 0.029836 104070.029763
0.204643 -0.033970 0.082573 0.062582 -0.256744 0.073844 104070.039773
0.151462 -0.008478 0.047484 0.148412 -0.361830 0.046583 104070.049753
0.117419 0.007981 -0.003350 0.215355 -0.419371 -0.020097 104070.059731
0.071220 -0.004898 -0.044048 0.270282 -0.444985 -0.067534 104070.069710
0.002032 -0.023436 -0.065836 0.287456 -0.432284 -0.082160 104070.079704
-0.067491 -0.020017 -0.080107 0.242608 -0.410060 -0.079413 104070.089704
-0.142505 0.003828 -0.087854 0.158505 -0.408142 -0.087981 104070.099679
-0.207092 0.013933 -0.081274 0.053683 -0.271368 -0.086372 104070.109658
-0.250889 0.027050 -0.086646 -0.016807 -0.075989 -0.039035 104070.119668
-0.275587 0.031574 -0.088590 -0.038193 0.039029 0.038211 104070.129647
-0.280093 0.028965 -0.075785 -0.041254 0.077633 0.115218 104070.139626
-0.280857 -0.033462 -0.039614 -0.059764 0.142965 0.234857 104070.149605
-0.178518 0.046807 -0.001292 -0.131401 0.145058 0.256323 104070.159615
-0.195979 0.081391 0.028169 -0.186230 0.188156 0.190800 104070.169594
-0.152887 0.030341 0.057124 -0.195574 0.185901 0.168261 104070.179574
-0.107934 0.008837 0.077625 -0.179595 0.062426 0.100491 104070.189553
-0.025937 -0.012963 0.110366 -0.242639 0.101122 0.007096 104070.199563
0.034199 -0.021609 0.102782 -0.278295 0.067910 -0.038387 104070.209542
0.091497 -0.056827 0.080971 -0.285351 -0.003342 -0.058131 104070.219521
0.128598 -0.071375 0.061465 -0.295767 -0.040590 -0.071304 104070.229500
0.135460 -0.060687 0.041644 -0.262097 -0.081118 -0.120183 104070.239511
0.128063 -0.037976 0.007099 -0.178312 -0.101413 -0.176804 104070.249489
0.118054 -0.015784 -0.048112 -0.060697 -0.140604 -0.203230 104070.259469
0.094362 -0.016989 -0.080923 0.058676 -0.177497 -0.195482 104070.269449
0.067415 -0.016793 -0.095198 0.143434 -0.195364 -0.173015 104070.279458
0.033495 -0.019369 -0.096638 0.190846 -0.174870 -0.127456 104070.289437
-0.006193 -0.033167 -0.092165 0.209288 -0.143736 -0.066213 104070.299416
-0.059278 -0.033852 -0.101192 0.190641 -0.132920 -0.019456 104070.309395
-0.129293 -0.017934 -0.102443 0.126062 -0.089269 0.029033 104070.319406
-0.182863 -0.020515 -0.099059 0.045005 0.046839 0.100289 104070.329398
-0.223149 0.005513 -0.104608 -0.017806 0.135202 0.171485 104070.339364
-0.203391 -0.001920 -0.068289 -0.113831 0.297814 0.240576 104070.349373
-0.068269 -0.033397 -0.017470 -0.200162 0.389347 0.317881 104070.359354
-0.013274 -0.051152 0.010014 -0.187385 0.268487 0.349289 104070.369332
0.030980 -0.024743 -0.004316 -0.134892 0.253614 0.327489 104070.379311
0.053080 -0.026049 -0.006525 -0.011798 0.159220 0.300789 104070.389321
0.057556 -0.013815 0.006103 0.113686 0.095463 0.242311 104070.399300
0.041171 0.022142 0.012064 0.218415 0.042010 0.129222 104070.409279
0.028608 0.049433 0.017578 0.278481 -0.044449 0.015333 104070.419260
0.010536 0.070948 0.021644 0.272119 -0.127900 -0.088633 104070.429268
-0.016754 0.070282 0.034287 0.235825 -0.137983 -0.179848 104070.439248
-0.036801 0.076752 0.032772 0.215194 -0.098045 -0.253472 104070.449227
-0.050773 0.083771 0.023910 0.219730 -0.039840 -0.293580 104070.459206
-0.064490 0.079823 0.015782 0.226954 0.003762 -0.282542 104070.469216
-0.084380 0.070645 0.012198 0.205134 0.006078 -0.235881 104070.479195
-0.103718 0.048018 0.027455 0.139242 -0.022268 -0.146261 104070.489174
-0.104344 0.015252 0.038774 0.020487 -0.050415 0.003463 104070.499154
-0.089838 -0.015760 0.040317 -0.114525 -0.066802 0.175447 104070.509164
-0.080061 -0.032729 0.028084 -0.201307 -0.076861 0.320375 104070.519143
-0.057782 -0.033307 -0.002640 -0.224633 -0.084947 0.410686 104070.529123
-0.042566 -0.030964 -0.028333 -0.219961 -0.079329 0.470520 104070.539101
-0.041741 -0.021757 -0.038720 -0.209290 -0.060227 0.464381 104070.549111
-0.047059 -0.009523 -0.045280 -0.181981 -0.029734 0.394532 104070.559073
-0.042349 -0.000059 -0.042222 -0.126492 0.004816 0.277108 104070.569080
-0.042338 0.000020 -0.040963 -0.054775 0.035061 0.140641 104070.579054
-0.037725 0.012598 -0.039107 0.015042 0.048229 -0.013025 104070.589059
-0.034291 0.027148 -0.032541 0.070734 0.035845 -0.157344 104070.599038
-0.036261 0.039521 -0.018400 0.085720 0.021548 -0.260689 104070.609017
-0.065674 0.052414 -0.006138 0.082217 0.015884 -0.330108 104070.618996
-0.091663 0.069694 0.007199 0.073105 0.020944 -0.376065 104070.629006
-0.103530 0.081358 0.024851 0.057043 0.041097 -0.374017 104070.638999
-0.082196 0.076534 0.045352 0.015758 0.051990 -0.301926 104070.648965
-0.043731 0.044723 0.066556 -0.076367 0.051472 -0.158076 104070.658944
0.002514 -0.007622 0.092574 -0.178484 0.035215 0.027145 104070.668954
0.039982 -0.047338 0.098446 -0.241071 -0.014946 0.211609 104070.678933
0.056158 -0.061053 0.057428 -0.250922 -0.104465 0.360233 104070.688912
0.080729 -0.057123 0.011259 -0.216593 -0.187782 0.459366 104070.698891
0.076310 -0.061985 -0.018754 -0.156871 -0.248132 0.470443 104070.708901
0.064696 -0.060546 -0.051310 -0.069886 -0.261000 0.411777 104070.718880
0.031300 -0.059078 -0.079216 0.064584 -0.235884 0.286771 104070.728860
0.002847 -0.052852 -0.104304 0.197308 -0.191857 0.122398 104070.738870
-0.021500 -0.035215 -0.115646 0.287032 -0.129852 -0.030602 104070.748850
-0.036446 -0.022363 -0.107279 0.318920 -0.040113 -0.144819 104070.758828
-0.053016 -0.012023 -0.089862 0.301518 0.066624 -0.238247 104070.768807
-0.101410 0.030575 -0.066958 0.247837 0.121351 -0.314349 104070.778817
-0.132213 0.048005 -0.052637 0.185316 0.178328 -0.361752 104070.788796
-0.150352 0.073070 -0.039751 0.135973 0.210196 -0.339803 104070.798775
-0.174641 0.089486 -0.030763 0.078636 0.208365 -0.259503 104070.808755
-0.175846 0.086295 0.008032 -0.032574 0.202461 -0.123406 104070.818764
-0.144993 0.061176 0.052973 -0.176447 0.179852 0.081490 104070.828745
-0.069278 0.011159 0.099226 -0.297952 0.073516 0.308555 104070.838723
0.049054 -0.040456 0.064453 -0.376517 -0.065757 0.514646 104070.848702
0.099907 -0.027539 0.026925 -0.377582 -0.239173 0.657544 104070.858712
0.111719 -0.038662 -0.008407 -0.297188 -0.382958 0.749439 104070.868691
0.107070 -0.034407 -0.039211 -0.156527 -0.432523 0.762722 104070.878671
0.085039 -0.024642 -0.069091 -0.006659 -0.438910 0.701729 104070.888650
0.040197 -0.015241 -0.085821 0.149920 -0.365899 0.591190 104070.898659
-0.018831 0.010405 -0.093855 0.325065 -0.241101 0.425754 104070.908640
-0.062473 0.041321 -0.071912 0.452995 -0.224958 0.207910 104070.918619
-0.088667 0.015579 -0.035090 0.436804 -0.117723 0.001430 104070.928597
-0.119610 0.042464 -0.017883 0.354043 0.036274 -0.170435 104070.938607
-0.152163 0.055764 0.006727 0.276125 0.167178 -0.291179 104070.948586
-0.177285 0.057831 0.028892 0.226781 0.289746 -0.391330 104070.958565
-0.184786 0.062355 0.032249 0.183921 0.346538 -0.483277 104070.968545
-0.166122 0.055298 0.045358 0.110878 0.338745 -0.526961 104070.978554
-0.106880 0.031540 0.065644 -0.003527 0.311129 -0.484914 104070.988534
-0.025535 -0.016174 0.101862 -0.147785 0.265931 -0.337768 104070.998513
0.054174 -0.065646 0.122808 -0.287462 0.205185 -0.117056 104071.008492
0.109877 -0.076092 0.086310 -0.371622 0.079812 0.110383 104071.018502
0.117033 -0.065156 0.012881 -0.360546 -0.071010 0.307987 104071.028481
0.098859 -0.049741 -0.046665 -0.245458 -0.190117 0.437831 104071.038460
0.089773 -0.021203 -0.095108 -0.087778 -0.303260 0.470139 104071.048454
0.076728 0.009186 -0.136515 0.042191 -0.406348 0.400806 104071.058451
0.033225 0.024616 -0.145391 0.157506 -0.414150 0.282811 104071.068442
-0.029914 0.029778 -0.121145 0.263288 -0.331909 0.129035 104071.078408
-0.085482 0.045355 -0.088039 0.332125 -0.188350 -0.065424 104071.088418
-0.117845 0.070285 -0.052309 0.354384 -0.018515 -0.295535 104071.098397
-0.131348 0.079042 -0.003303 0.341578 0.136358 -0.531539 104071.108376
-0.143455 0.062840 0.045318 0.298471 0.281843 -0.722133 104071.118355
-0.131194 0.045998 0.073268 0.221590 0.365043 -0.828231 104071.128365
-0.105141 0.032205 0.090666 0.117264 0.388119 -0.844400 104071.138344
-0.074868 0.011901 0.109872 -0.011492 0.367070 -0.757699 104071.148324
-0.024125 -0.023567 0.130746 -0.159166 0.301819 -0.585124 104071.158303
0.006714 -0.047636 0.127316 -0.282789 0.198654 -0.360200 104071.168313
0.035502 -0.079915 0.079594 -0.337310 0.066009 -0.112148 104071.178292
0.045381 -0.121536 0.021654 -0.289373 -0.052724 0.118148 104071.188271
0.065927 -0.112265 -0.043415 -0.156745 -0.141835 0.294283 104071.198250
0.071503 -0.081775 -0.109255 0.013726 -0.226886 0.418674 104071.208260
0.058802 -0.055280 -0.161913 0.162589 -0.292190 0.466101 104071.218239
0.022300 -0.026604 -0.189049 0.278866 -0.286718 0.453807 104071.228219
-0.036962 0.044252 -0.177478 0.338958 -0.216838 0.391012 104071.238198
-0.097750 0.096598 -0.153313 0.339815 -0.096347 0.280845 104071.248208
-0.137045 0.132173 -0.115482 0.287460 0.050519 0.157340 104071.258187
-0.163968 0.161542 -0.064899 0.226474 0.165605 0.051654 104071.268180
-0.153322 0.159218 0.000928 0.124288 0.313813 0.003234 104071.278146
-0.116859 0.145281 0.067232 -0.003234 0.439028 0.037538 104071.288155
-0.079189 0.123645 0.122072 -0.137191 0.368068 0.124922 104071.298134
-0.019919 0.067768 0.168299 -0.316396 0.256953 0.267989 104071.308114
0.049134 0.008235 0.198360 -0.489896 0.117538 0.482423 104071.318094
0.092055 -0.041924 0.164624 -0.543632 -0.121516 0.683947 104071.328103
0.111345 -0.118320 0.019761 -0.491859 -0.343900 0.781367 104071.338082
0.071113 -0.118950 -0.050299 -0.343242 -0.502907 0.775931 104071.348061
0.008015 -0.093833 -0.090666 -0.160567 -0.557341 0.648933 104071.358040
-0.070637 -0.061935 -0.117771 0.044192 -0.431817 0.404957 104071.368050
-0.160271 0.056505 -0.121525 0.242840 -0.293150 0.031910 104071.378029
-0.179341 0.031572 -0.083097 0.349333 -0.199460 -0.382108 104071.388009
-0.178852 0.059545 -0.045729 0.331214 0.090634 -0.752801 104071.397989
-0.166813 0.082658 -0.005659 0.281820 0.421635 -0.999912 104071.407998
-0.157009 0.099666 0.025871 0.211216 0.695780 -1.143124 104071.417977
-0.125614 0.104560 0.033919 0.101392 0.793155 -1.162097 104071.427956
-0.072302 0.109451 0.039151 -0.055260 0.733964 -1.048271 104071.437966
-0.019113 0.090324 0.042633 -0.232106 0.565981 -0.812727 104071.447946
0.040332 0.039668 0.054345 -0.371577 0.290367 -0.457895 104071.457924
0.099814 -0.031953 0.056264 -0.438447 -0.012242 -0.009469 104071.467904
0.145172 -0.079840 0.016870 -0.420027 -0.294556 0.430614 104071.477914
0.167380 -0.101027 -0.040216 -0.297319 -0.536798 0.775259 104071.487893
0.152685 -0.107247 -0.097466 -0.150930 -0.738247 0.988202 104071.497872
0.119346 -0.085571 -0.153776 -0.008387 -0.813142 1.031218 104071.507852
0.059428 -0.089321 -0.153443 0.172888 -0.642111 0.978160 104071.517861
-0.039440 0.012316 -0.153900 0.398436 -0.406017 0.755423 104071.527840
-0.129932 0.062237 -0.082900 0.533492 -0.440487 0.393244 104071.537833
-0.186933 0.022903 0.023930 0.370992 0.092409 0.009371 104071.547813
-0.155716 0.022163 -0.024456 0.195371 0.303060 -0.262570 104071.557792
-0.100659 0.053998 0.007397 0.088587 0.356041 -0.454591 104071.567789
-0.110870 0.065185 0.063207 0.035174 0.483814 -0.573964 104071.577781
-0.101639 0.071407 0.084723 0.023586 0.510240 -0.593152 104071.587746
-0.063390 0.059428 0.087934 0.010100 0.423583 -0.506406 104071.597757
0.002142 0.022394 0.078659 -0.036944 0.217276 -0.340856 104071.607736
0.055832 -0.016972 0.066717 -0.103648 -0.010054 -0.125562 104071.617715
0.069030 -0.049050 0.038531 -0.114215 -0.202121 0.113097 104071.627694
0.056410 -0.064467 -0.017368 -0.043497 -0.343267 0.311552 104071.637704
0.022070 -0.042759 -0.079090 0.058127 -0.428648 0.396628 104071.647683
-0.020629 -0.003045 -0.128968 0.144926 -0.448852 0.357115 104071.657662
-0.079115 0.031825 -0.140086 0.222706 -0.352692 0.235012 104071.667641
-0.129570 0.051312 -0.109489 0.266364 -0.144183 0.086498 104071.677651
-0.150783 0.061954 -0.067913 0.224848 0.085333 -0.074745 104071.687630
-0.143266 0.070206 -0.036368 0.107717 0.263779 -0.227709 104071.697610
-0.123817 0.066760 -0.001867 -0.006455 0.391441 -0.345754 104071.707589
-0.104054 0.049524 0.033810 -0.093344 0.459970 -0.409407 104071.717599
-0.068836 0.041439 0.046161 -0.153008 0.470452 -0.413331 104071.727578
-0.022266 0.020701 0.059660 -0.194111 0.422936 -0.344838 104071.737557
0.028841 -0.014986 0.065050 -0.204721 0.295078 -0.217779 104071.747536
0.070594 -0.035928 0.060744 -0.181249 0.102609 -0.072543 104071.757546
0.077843 -0.037413 0.038300 -0.108597 -0.087719 0.057358 104071.767525
0.056752 -0.040453 0.009889 0.014550 -0.233601 0.138071 104071.777505
0.022958 -0.033712 -0.011413 0.135987 -0.304392 0.160566 104071.787515
-0.006175 -0.019948 -0.018473 0.206663 -0.286387 0.124280 104071.797494
-0.034436 0.003783 -0.020943 0.217079 -0.216763 0.029919 104071.807473
-0.078603 0.027940 -0.025165 0.176934 -0.155997 -0.117435 104071.817453
-0.098918 0.022163 0.003574 0.082136 -0.032629 -0.252318 104071.827462
-0.092299 0.031114 0.006462 -0.038351 0.224855 -0.310958 104071.837441
-0.075670 0.045328 -0.005500 -0.154644 0.337099 -0.326723 104071.847420
-0.056437 0.011361 0.000375 -0.289912 0.342106 -0.334881 104071.857400
-0.039394 -0.018671 -0.003153 -0.387257 0.306034 -0.291595 104071.867409
-0.016520 -0.013188 -0.037041 -0.406281 0.208861 -0.182588 104071.877389
-0.016078 -0.013933 -0.064810 -0.327445 0.069544 -0.045884 104071.887368
-0.029079 -0.007385 -0.070309 -0.181180 -0.079322 0.066051 104071.897361
-0.051423 0.013517 -0.064696 -0.008763 -0.189170 0.114575 104071.907340
-0.090366 0.040868 -0.047024 0.138769 -0.229400 0.081073 104071.917320
-0.109065 0.049023 -0.019005 0.239046 -0.176730 -0.041007 104071.927329
-0.088436 0.039991 0.020307 0.267241 -0.073477 -0.211724 104071.937295
-0.049991 0.043124 0.042440 0.236574 0.027657 -0.358698 104071.947304
-0.035587 0.046344 0.053414 0.134040 0.139474 -0.464954 104071.957285
-0.020368 0.043847 0.061993 -0.012534 0.242885 -0.536645 104071.967263
0.019041 0.003003 0.073300 -0.153616 0.320216 -0.517757 104071.977242
0.075960 -0.040752 0.066304 -0.262607 0.299431 -0.385991 104071.987252
0.132479 -0.072130 0.047481 -0.336027 0.156012 -0.161724 104071.997231
0.147197 -0.085271 0.013761 -0.361278 -0.075430 0.064759 104072.007210
0.086996 -0.111967 -0.025229 -0.305643 -0.297121 0.298774 104072.017191
0.019269 -0.100353 -0.078840 -0.203608 -0.493542 0.472760 104072.027183
-0.010982 -0.060137 -0.126957 -0.099048 -0.633939 0.590464 104072.037189
-0.045859 -0.025836 -0.164106 -0.000181 -0.667569 0.621428 104072.047168
-0.100657 -0.003133 -0.166910 0.105585 -0.527509 0.561842 104072.057137
-0.135475 0.029894 -0.116158 0.175257 -0.212612 0.445278 104072.067148
-0.146147 0.037600 -0.068612 0.204039 0.109315 0.264214 104072.077126
-0.128713 0.051913 -0.035148 0.182365 0.372496 0.033044 104072.087105
-0.100795 0.071343 0.007900 0.123140 0.571034 -0.158496 104072.097085
-0.094026 0.091510 0.043808 0.028567 0.633853 -0.299091 104072.107090
-0.093852 0.086291 0.060354 -0.047752 0.546060 -0.414793 104072.117074
-0.075322 0.083190 0.075434 -0.108746 0.477693 -0.473634 104072.127054
-0.055680 0.093921 0.080683 -0.139724 0.385409 -0.443691 104072.137063
-0.023238 0.081238 0.087943 -0.156524 0.258504 -0.335909 104072.147042
0.020932 0.054487 0.087599 -0.174517 0.087118 -0.204956 104072.157029
0.052466 0.033787 0.068423 -0.191323 -0.083262 -0.085714 104072.167000
0.060004 0.019393 0.056596 -0.165571 -0.188840 0.023833 104072.177010
0.030749 0.003476 0.031080 -0.096911 -0.224478 0.089586 104072.186989
0.008834 0.001352 -0.016285 -0.035332 -0.226367 0.108430 104072.196969
0.009915 -0.006203 -0.051767 -0.005559 -0.195526 0.106885 104072.206962
0.006952 -0.019186 -0.054736 -0.003375 -0.119195 0.082861 104072.216958
-0.004241 -0.025987 -0.051171 -0.029915 -0.001585 0.043783 104072.226937
-0.014618 -0.027413 -0.046610 -0.078735 0.097908 0.000029 104072.236916
-0.016323 -0.028787 -0.054941 -0.121205 0.150774 -0.027934 104072.246895
-0.014934 -0.038455 -0.066487 -0.138367 0.166699 -0.021661 104072.256905
-0.013185 -0.050642 -0.068778 -0.122582 0.139252 0.003976 104072.266884
-0.014732 -0.047840 -0.065513 -0.087609 0.091691 0.034007 104072.276864
-0.018138 -0.040095 -0.051652 -0.041936 0.032465 0.063039 104072.286844
-0.016094 -0.033399 -0.045460 0.015364 -0.038358 0.103886 104072.296853
-0.015867 -0.026215 -0.039148 0.081212 -0.080544 0.135426 104072.306826
-0.015369 -0.014617 -0.030341 0.154732 -0.109028 0.143687 104072.316805
-0.021706 -0.001340 -0.015512 0.199530 -0.096235 0.136893 104072.326784
-0.026973 0.014352 0.004223 0.208216 -0.059180 0.112725 104072.336794
-0.026357 0.023875 0.023080 0.178526 -0.022197 0.083677 104072.346773
-0.012819 0.023478 0.036832 0.117852 0.017951 0.067126 104072.356753
-0.000051 0.018826 0.034917 0.039992 0.032676 0.069389 104072.366732
0.006395 0.010624 0.026034 -0.025230 0.035839 0.089876 104072.376742
0.008656 0.010008 0.007769 -0.058559 0.023186 0.120290 104072.386721
-0.002572 0.014895 -0.011611 -0.047095 0.021208 0.144964 104072.396700
-0.018036 0.016804 -0.030853 0.002876 0.027722 0.154200 104072.406680
-0.025466 0.019600 -0.027137 0.059382 0.043716 0.146527 104072.416689
-0.036862 0.025585 -0.025771 0.109767 0.053218 0.116319 104072.426668
-0.052466 0.033292 0.027886 0.129109 0.160285 0.074582 104072.436648
-0.049432 0.033769 0.047985 0.077405 0.154643 0.027994 104072.446627
-0.025935 0.030605 0.016459 0.004355 0.109738 -0.005247 104072.456637
-0.029658 0.016192 0.006415 -0.040066 0.031022 -0.016998 104072.466616
-0.033856 0.025795 -0.009844 -0.047302 -0.049690 -0.017603 104072.476595
-0.041255 0.023664 -0.009798 -0.026969 -0.089987 -0.015455 104072.486606
-0.047278 0.024596 -0.005864 -0.001400 -0.085698 -0.016137 104072.496584
-0.050446 0.023082 -0.017146 0.031510 -0.066488 -0.009180 104072.506578
-0.052357 0.016192 -0.017209 0.042976 -0.030317 -0.000288 104072.516556
-0.050680 0.011075 -0.005269 0.010977 0.006750 -0.006878 104072.526532
-0.036699 0.017382 -0.001425 -0.028386 0.033150 -0.020020 104072.536512
-0.025291 0.018157 -0.009700 -0.045271 0.040463 -0.037264 104072.546511
-0.016083 0.008669 -0.021973 -0.031193 0.041446 -0.058406 104072.556490
-0.006495 0.004458 -0.025852 -0.004355 0.047769 -0.078278 104072.566500
0.004988 -0.001249 -0.018454 0.010498 0.060551 -0.075870 104072.576479
0.011640 -0.004973 -0.013996 0.009373 0.053154 -0.068464 104072.586459
