0.000000 0.000000 0.000000 0.051056 -0.058226 0.008758 187090.871130
0.006999 0.104283 -0.031847 -0.014910 -0.134754 0.018070 187090.889098
0.011248 0.107471 -0.036615 -0.045721 -0.187880 0.022661 187090.899078
0.009218 0.111182 -0.038240 -0.073411 -0.234601 0.032667 187090.909087
0.015132 0.104413 -0.040684 -0.084331 -0.254647 0.062264 187090.919066
0.018576 0.096399 -0.032969 -0.099511 -0.263039 0.088678 187090.929047
0.018679 0.097248 -0.020504 -0.138177 -0.255550 0.114881 187090.939025
0.009453 0.095435 -0.007502 -0.189455 -0.236502 0.121790 187090.949005
0.013425 0.097958 -0.002590 -0.232011 -0.231316 0.113793 187090.959015
0.023815 0.100375 -0.013179 -0.260715 -0.221860 0.104939 187090.968993
0.035975 0.090374 -0.006737 -0.281648 -0.196622 0.097834 187090.978973
0.047176 0.070114 -0.007279 -0.297603 -0.172281 0.089223 187090.988953
0.063248 0.052223 -0.008016 -0.311465 -0.147913 0.083859 187090.998932
0.075883 0.035416 -0.008212 -0.317834 -0.127789 0.076435 187091.008911
0.089500 0.019486 -0.016105 -0.309395 -0.088496 0.074661 187091.018920
0.098801 0.012944 -0.020264 -0.301152 -0.065039 0.094064 187091.028900
0.122625 -0.005417 -0.027194 -0.301341 -0.012989 0.098657 187091.038878
0.126116 -0.009942 -0.031096 -0.290638 0.044273 0.079959 187091.048858
0.136925 -0.016958 -0.034620 -0.283088 0.089845 0.060078 187091.058837
0.157696 -0.051669 -0.037938 -0.267028 0.144984 0.039305 187091.068826
0.160365 -0.060600 -0.036150 -0.239361 0.220347 0.024145 187091.078811
0.157117 -0.066293 -0.031921 -0.211747 0.290433 0.015352 187091.088812
0.147672 -0.068086 -0.030599 -0.192691 0.339309 0.014846 187091.098798
0.132117 -0.066202 -0.037767 -0.180103 0.361697 0.027955 187091.108764
0.110746 -0.066797 -0.047664 -0.170525 0.357479 0.030188 187091.118743
0.081120 -0.075479 -0.046226 -0.156555 0.352150 0.020739 187091.128753
0.055034 -0.084072 -0.046826 -0.135085 0.360602 0.004009 187091.138732
0.035450 -0.082113 -0.060670 -0.104925 0.346725 -0.022347 187091.148712
0.004982 -0.099004 -0.067395 -0.067710 0.362742 -0.018553 187091.158690
-0.019888 -0.097321 -0.066702 -0.065408 0.379634 -0.038684 187091.168671
-0.037944 -0.083000 -0.070174 -0.070843 0.372222 -0.064640 187091.178679
-0.051797 -0.085180 -0.077082 -0.066453 0.375352 -0.077363 187091.188660
-0.065793 -0.078379 -0.088585 -0.055641 0.347729 -0.084861 187091.198638
-0.077830 -0.077257 -0.092488 -0.038568 0.322301 -0.080528 187091.208617
-0.094749 -0.069772 -0.092239 -0.033244 0.286258 -0.071085 187091.218596
-0.116680 -0.057916 -0.093369 -0.028950 0.245955 -0.063815 187091.228593
-0.133237 -0.047623 -0.095228 -0.036292 0.207710 -0.065220 187091.238585
-0.147465 -0.033896 -0.102055 -0.045699 0.162007 -0.070966 187091.248565
-0.149234 -0.022781 -0.111258 -0.058405 0.116345 -0.067156 187091.258544
-0.152243 -0.023588 -0.116077 -0.050874 0.102541 -0.070343 187091.268524
-0.146499 -0.019939 -0.108766 -0.026383 0.129108 -0.075185 187091.278502
-0.141094 -0.017987 -0.104355 0.003450 0.163103 -0.083109 187091.288512
-0.138318 -0.019457 -0.103449 0.024865 0.191729 -0.099713 187091.298492
-0.135458 -0.012259 -0.099425 0.032489 0.202271 -0.117680 187091.308471
-0.126314 -0.007727 -0.096210 0.033662 0.184196 -0.123112 187091.318450
-0.123635 -0.001402 -0.092809 0.039653 0.155084 -0.121687 187091.328429
-0.128401 0.005384 -0.093447 0.052638 0.132748 -0.134457 187091.338409
-0.129035 0.010021 -0.085917 0.061282 0.097715 -0.136697 187091.348418
-0.120580 0.011577 -0.086183 0.058147 0.034054 -0.126472 187091.358397
-0.121728 0.017022 -0.085771 0.052901 -0.041286 -0.115283 187091.368378
-0.111424 0.017587 -0.073463 0.047640 -0.096475 -0.111364 187091.378356
-0.104633 0.014109 -0.072332 0.060347 -0.146253 -0.091243 187091.388335
-0.094032 0.014218 -0.070642 0.063497 -0.179098 -0.078608 187091.398315
-0.095452 0.022872 -0.057056 0.052827 -0.186536 -0.075595 187091.408324
-0.081704 0.019810 -0.042619 0.035770 -0.199291 -0.073719 187091.418303
-0.061940 0.010042 -0.039778 0.013240 -0.209869 -0.057017 187091.428284
-0.043112 0.006294 -0.028524 -0.013618 -0.217243 -0.035018 187091.438263
-0.020929 0.006070 -0.018281 -0.028882 -0.220293 -0.002171 187091.448242
-0.006780 0.006314 -0.021231 -0.015712 -0.215154 0.023900 187091.458252
-0.001252 0.004199 -0.028072 0.004427 -0.209762 0.032734 187091.468231
-0.001307 0.005268 -0.025345 0.009849 -0.206614 0.023226 187091.478209
0.004208 0.005878 -0.020020 -0.003839 -0.220504 0.011223 187091.488189
0.016118 0.009398 -0.018733 -0.034606 -0.239715 0.003228 187091.498169
0.029386 0.016685 -0.015106 -0.066431 -0.249389 -0.007922 187091.508148
0.045419 0.019834 -0.012381 -0.084582 -0.248347 -0.004955 187091.518158
0.064000 0.022598 -0.019324 -0.084758 -0.234480 0.007931 187091.528136
0.074112 0.032357 -0.027643 -0.066884 -0.201459 0.022243 187091.538115
0.080366 0.043421 -0.031457 -0.047895 -0.165277 0.031256 187091.548095
0.083099 0.046836 -0.030873 -0.050248 -0.142908 0.046300 187091.558074
0.091974 0.042415 -0.023911 -0.069795 -0.130051 0.077057 187091.568085
0.104953 0.046654 -0.009892 -0.104207 -0.123610 0.104377 187091.578063
0.106710 0.044038 -0.005495 -0.143721 -0.124708 0.112381 187091.588042
0.098176 0.027253 -0.026041 -0.154485 -0.122557 0.121853 187091.598037
0.091623 0.019156 -0.029261 -0.132683 -0.113018 0.130918 187091.608008
0.085066 0.004055 -0.021307 -0.103964 -0.086426 0.129333 187091.617996
0.082523 -0.016105 0.002128 -0.112372 -0.062106 0.112307 187091.627991
0.081370 -0.035511 0.014875 -0.149543 -0.044210 0.095927 187091.637969
0.088321 -0.060835 0.008071 -0.195387 -0.047471 0.098500 187091.647948
0.085993 -0.081100 -0.009641 -0.218911 -0.059145 0.108783 187091.657927
0.070755 -0.089463 -0.023846 -0.209394 -0.068652 0.116283 187091.667908
0.058186 -0.097004 -0.039433 -0.175447 -0.055789 0.127480 187091.677916
0.049137 -0.100473 -0.047868 -0.142489 -0.029178 0.128084 187091.687896
0.043877 -0.102387 -0.057463 -0.121105 -0.014323 0.117794 187091.697875
0.038760 -0.102787 -0.058042 -0.104062 -0.004764 0.112729 187091.707854
0.042066 -0.104529 -0.067369 -0.082741 0.016483 0.106745 187091.717833
0.046982 -0.103807 -0.074259 -0.047624 0.053689 0.102111 187091.727814
0.045262 -0.103325 -0.077767 -0.015757 0.089855 0.102760 187091.737823
0.035928 -0.095080 -0.073338 0.000150 0.114288 0.099909 187091.747803
0.026301 -0.080361 -0.077415 0.005498 0.119592 0.096813 187091.757782
0.017162 -0.068777 -0.089310 0.023565 0.132375 0.098200 187091.767760
0.010217 -0.056575 -0.096573 0.061585 0.162088 0.094765 187091.777739
0.004184 -0.049005 -0.100036 0.107266 0.195117 0.099845 187091.787719
0.000920 -0.045695 -0.095266 0.143333 0.207990 0.112137 187091.797729
-0.006178 -0.041620 -0.087895 0.166700 0.201708 0.120941 187091.807709
-0.022290 -0.038909 -0.073288 0.187041 0.179435 0.117869 187091.817688
-0.040322 -0.043243 -0.068807 0.195668 0.142289 0.117749 187091.827666
-0.045477 -0.048941 -0.069009 0.206561 0.093419 0.107985 187091.837645
-0.062598 -0.032606 -0.067993 0.221831 0.044505 0.087611 187091.847656
-0.079228 -0.022230 -0.065783 0.242249 0.027498 0.076040 187091.857620
-0.098487 -0.016748 -0.044490 0.208546 -0.003506 0.046597 187091.867614
-0.117022 -0.005443 -0.031110 0.145193 -0.051623 0.003854 187091.877593
-0.118912 -0.003722 -0.035048 0.112520 -0.065642 -0.026535 187091.887572
-0.120898 0.007066 -0.051871 0.139394 -0.076302 -0.045448 187091.897551
-0.126733 0.022085 -0.058871 0.188545 -0.063542 -0.060717 187091.907561
-0.132134 0.022567 -0.050656 0.219665 -0.051918 -0.083700 187091.917541
-0.128882 0.026564 -0.043991 0.226250 -0.055176 -0.100701 187091.927521
-0.121210 0.035952 -0.046833 0.261562 -0.067901 -0.110981 187091.937499
-0.115707 0.047722 -0.047759 0.305248 -0.050846 -0.114562 187091.947478
-0.110613 0.060483 -0.041895 0.323454 -0.059336 -0.120775 187091.957488
-0.102838 0.063745 -0.036505 0.294799 -0.096562 -0.122455 187091.967467
-0.088122 0.062618 -0.028327 0.243624 -0.135887 -0.110580 187091.977447
-0.070094 0.065072 -0.019205 0.199025 -0.158317 -0.119845 187091.987427
-0.060034 0.069914 -0.011893 0.164039 -0.147865 -0.139443 187091.997406
-0.045984 0.085192 -0.009030 0.159808 -0.129860 -0.146853 187092.007385
-0.024266 0.086597 -0.011243 0.156622 -0.117146 -0.151081 187092.017395
-0.010514 0.091725 -0.009611 0.143778 -0.117145 -0.145918 187092.027373
-0.006333 0.100559 -0.000837 0.108593 -0.117205 -0.144250 187092.037352
-0.006478 0.096382 0.012192 0.055279 -0.120476 -0.140710 187092.047332
0.004090 0.087515 0.019183 0.002751 -0.134218 -0.108423 187092.057311
0.028507 0.084672 0.019393 -0.039271 -0.135145 -0.065250 187092.067290
0.043624 0.075026 0.020345 -0.060950 -0.109566 -0.037641 187092.077301
0.051555 0.074917 0.026022 -0.070799 -0.081893 -0.020529 187092.087279
0.062403 0.074862 0.031797 -0.083713 -0.056409 -0.015206 187092.097258
0.071301 0.068699 0.031622 -0.095454 -0.053242 -0.014275 187092.107245
0.074014 0.067295 0.036553 -0.112433 -0.061791 -0.018820 187092.117233
0.073151 0.049665 0.042836 -0.145459 -0.059739 -0.020311 187092.127212
0.085645 0.035320 0.040989 -0.177530 -0.062935 -0.010088 187092.137192
0.095992 0.030296 0.037055 -0.203332 -0.071364 0.012985 187092.147185
0.099371 0.021807 0.038195 -0.222795 -0.068089 0.038349 187092.157164
0.097526 0.011823 0.035338 -0.237876 -0.066982 0.053091 187092.167160
0.091964 0.000839 0.030205 -0.250726 -0.052132 0.055148 187092.177127
0.082990 -0.013621 0.019381 -0.254883 -0.032041 0.040285 187092.187133
0.086493 -0.036686 0.014052 -0.263432 -0.006596 0.036066 187092.197112
0.086489 -0.056517 0.009757 -0.261484 0.039092 0.041714 187092.207091
0.087312 -0.070515 0.004416 -0.245739 0.092257 0.050791 187092.217070
0.079587 -0.080284 0.002591 -0.221506 0.147564 0.062079 187092.227050
0.074781 -0.088155 -0.003459 -0.201401 0.185845 0.065787 187092.237060
0.067922 -0.102639 -0.001165 -0.192993 0.207125 0.071366 187092.247039
0.055088 -0.109494 -0.006261 -0.200389 0.213443 0.063841 187092.257018
0.044652 -0.115585 -0.012804 -0.203534 0.215534 0.058479 187092.266997
0.038194 -0.117831 -0.025034 -0.192822 0.219770 0.052247 187092.276977
0.025830 -0.114322 -0.021742 -0.165169 0.237863 0.050582 187092.286956
0.006866 -0.112937 -0.032737 -0.132086 0.240026 0.045699 187092.296965
-0.015769 -0.107484 -0.044636 -0.090386 0.225196 0.036557 187092.306946
-0.032933 -0.102141 -0.066803 -0.040053 0.199727 0.019996 187092.316924
-0.049322 -0.094580 -0.072450 0.021898 0.187056 0.010068 187092.326903
-0.060002 -0.080809 -0.070423 0.063515 0.164841 0.010479 187092.336882
-0.081971 -0.064975 -0.063059 0.067999 0.138235 -0.003497 187092.346892
-0.103248 -0.054168 -0.061167 0.042741 0.103043 -0.024320 187092.356871
-0.114404 -0.045981 -0.067225 0.009887 0.059417 -0.030364 187092.366852
-0.116030 -0.033126 -0.073157 0.001283 0.050953 -0.020931 187092.376830
-0.118906 -0.019677 -0.076575 0.031062 0.071187 -0.020409 187092.386809
-0.123630 -0.008961 -0.084552 0.068340 0.093538 -0.024041 187092.396788
-0.117958 -0.000324 -0.081308 0.093932 0.103124 -0.027909 187092.406798
-0.113555 0.002237 -0.071042 0.097203 0.096733 -0.033240 187092.416779
-0.099903 0.006575 -0.067026 0.093951 0.079786 -0.023789 187092.426758
-0.085894 0.013882 -0.060527 0.117294 0.057609 -0.008686 187092.436736
-0.070442 0.026552 -0.065104 0.155436 0.036578 0.017287 187092.446715
-0.069007 0.040693 -0.065456 0.194793 0.023963 0.027329 187092.456694
-0.072897 0.049433 -0.045151 0.201307 0.021799 0.016735 187092.466704
-0.077843 0.052759 -0.021754 0.168272 0.007764 -0.001826 187092.476684
-0.074990 0.059022 -0.011874 0.123670 -0.013605 -0.011084 187092.486679
-0.054523 0.063649 -0.006715 0.089563 -0.025325 -0.007308 187092.496659
-0.034929 0.068798 -0.007576 0.084004 -0.028409 0.015000 187092.506637
-0.021051 0.070036 -0.013127 0.090188 -0.027239 0.034290 187092.516616
-0.018148 0.079459 -0.010622 0.094407 -0.024029 0.037567 187092.526610
-0.012532 0.076543 -0.000208 0.077425 -0.011363 0.028895 187092.536591
-0.017333 0.074810 0.009343 0.036068 -0.033807 0.015406 187092.546569
-0.011620 0.064208 0.005559 -0.002076 -0.041407 -0.003281 187092.556549
-0.007712 0.059972 0.011501 -0.026444 -0.029856 -0.019532 187092.566527
0.007712 0.048009 0.016105 -0.036201 -0.002226 -0.010953 187092.576538
0.032129 0.036717 0.020593 -0.043028 0.063710 0.012841 187092.586516
0.042040 0.021648 0.071518 -0.149872 0.094385 0.030821 187092.596496
0.057892 -0.002148 0.108944 -0.270224 0.020949 0.042632 187092.606476
0.046290 0.024039 0.073111 -0.354988 -0.069581 0.019605 187092.616454
0.027835 0.021794 0.038941 -0.360597 -0.154794 -0.032209 187092.626438
0.004123 0.022808 -0.025185 -0.301718 -0.170826 -0.076338 187092.636429
0.008839 0.015605 -0.029844 -0.221653 -0.146346 -0.095392 187092.646429
0.011504 0.011340 -0.028266 -0.149369 -0.104764 -0.088839 187092.656418
0.007072 0.004708 -0.031199 -0.112244 -0.064314 -0.082759 187092.666381
0.000602 0.000653 -0.033405 -0.096427 -0.012243 -0.080088 187092.676360
-0.011624 0.000073 -0.036917 -0.084798 0.033422 -0.082846 187092.686370
-0.014171 0.002350 -0.035123 -0.064701 0.074888 -0.079118 187092.696349
-0.016133 -0.004470 -0.038670 -0.032914 0.094123 -0.066842 187092.706328
-0.020117 -0.011120 -0.043032 -0.002199 0.078364 -0.045201 187092.716308
-0.022233 -0.020144 -0.044625 0.036062 0.047734 -0.027820 187092.726287
-0.022825 -0.025025 -0.035710 0.073234 0.029838 -0.011441 187092.736298
-0.021327 -0.026631 -0.027093 0.101895 0.019341 0.001673 187092.746276
-0.017846 -0.027104 -0.020513 0.119882 -0.004954 0.019892 187092.756255
-0.018022 -0.023635 -0.008486 0.111252 -0.012345 0.031465 187092.766234
-0.028360 -0.023344 0.006096 0.064435 -0.015650 0.025491 187092.776215
-0.041421 -0.020475 0.026302 -0.006980 0.001188 -0.000922 187092.786193
-0.069946 -0.009957 0.039899 -0.083302 0.027362 -0.045502 187092.796189
